

####  RxRiskV -original

alcohol_dependence  <- c('N07BB03', 'N07BB04', 'V03AA01', 'R05CB01')

allergies <- c('R01AC01', 'R01AC02', 'R01AC03', 'R01AD01', 'R01AD05', 'R01AD08', 
               'R01AD09', 'R01AD11', 'R01AD12', 'R01AD58', 'R06AD02', 'R06AD52', 
               'R06AE06', 'R06AE07', 'R06AX13', 'R06AX22', 'R06AX26')

anti_coagulation_therapy  <- c('B01AA03', 'B01AB01', 'B01AB02', 'B01AB04', 'B01AB05', 'B01AB06') 

anti_platelet_therapy	<- c('B01AC04', 'B01AC06', 'B01AC07', 'B01AC09', 'B01AC11', 
                           'B01AC13', 'B01AC16' 'B01AC21', 'B01AC22' , 'B01AC23', 
                           'B01AC24', 'B01AC30')
                           
anxiety <-c('N05BA01', 'N05BA04', 'N05BA06', 'N05BA12')

arrhythmia	<- c('C01AA05', 'C01BA01', 'C01BA03', 'C01BB01', 'C01BC03', 'C01BC04',
                 'C01BD01', 'C01BD05')

benign_prostate_hypertrophy	<- c('G04CA02', 'G04CA03')

bipolar_disorder	<- c('N06AX')


chronic_heart_failure	<- c('C03CA01', 'C03CA02', 'C03CA04', 'C03CC01', 'C09AA01', 
                           'C09AA02', 'C09AA03', 'C09AA04', 'C09AA05', 'C09AA06', 
                           'C09AA09', 'C09AA10', 'C09CA06', 'C09CA07')
                           
dementia	<- c('N04DA02', 'N04DA03', 'N04DA04')

depression<- c('N06AA01', 'N06AA04', 'N06AA09', 'N06AA10', 'N06AA21', 'N06AB03', 
               'N06AB04', 'N06AB05', 'N06AB06', 'N06AB08', 'N06AB10', 'N06AG02', 
               'N06AX03', 'N06AX11', 'N06AX12', 'N06AX16', 'N06AX18', 'N06AX21')
               
diabetes	<- c('A10AA01', 'A10AB01', 'A10AB04', 'A10AB05', 'A10AB06', 'A10AC01', 
               'A10AD01', 'A10AD04', 'A10AD05', 'A10AE04', 'A10AE05', 'A10AE06', 
               'A10BA02', 'A10BB01', 'A10BB07', 'A10BB12', 'A10BD05', 'A10BD07', 
               'A10BD08', 'A10BD10', 'A10BD15', 'A10BF01', 'A10BG03') 
               
end_stage_renal_disease	<- c('B03XA01', 'B03XA02', 'A11CC01', 'A11CC02', 'A11CC03', 'A11CC04')

epilepsy	< c('N03AA01', 'N03AA02', 'N03AB02', 'N03AB05', 'N03AD01', 'N03AE01', 
              'N03AF01', 'N03AF02', 'N03AF03', 'N03AF04', 'N03AG01', 'N03AG04', 
              'N03AX09', 'N03AX10', 'N03AX11', 'N03AX12', 'N03AX14')
              
gastric_oesophageal_reflux_disorder	<- c('A02BA01', 'A02BA02', 'A02BA03', 'A02BA53', 
                                         'A02BB01', 'A02BC01', 'A02BC02', 'A02BC03', 
                                         'A02BC04', 'A02BC05', 'A02BD06', 'A02BX02', 
                                         'A02BX05')
                                         
glaucoma <- c('S01EA01', 'S01EA03', 'S01EA05', 'S01EB01', 'S01EB03', 'S01EC01', 
              'S01EC03', 'S01EC04', 'S01ED01', 'S01ED02', 'S01ED51', 'S01EE01', 
              'S01EE03', 'S01EE04', 'S01EE05', 'S01EX')

gout <- c('M04AA01', 'M04AB01', 'M04AC01')

hepatitis_c	<- 'J05AB54'

hiv	<- c('J05AE01', 'J05AE02', 'J05AE03', 'J05AE07', 'J05AE08', 'J05AF01', 'J05AF02', 
         'J05AF04', 'J05AF05', 'J05AF06', 'J05AF07', 'J05AF09', 'J05AG03', 'J05AR', 
         'J05AX07')
         
hyperkalcemia <- 	'V03AE01'

hyperlipidemia	<- c('C10AA01', 'C10AA03', 'C10AA04', 'C10AA05', 'C10AA07', 'C10AB02', 
                     'C10AB04', 'C10AB05', 'C10AC01', 'C10AC02', 'C10AC04', 'C10AX09', 
                     'C10AX12', 'C10BA02', 'C10BA05', 'C10BX03')
                     
hypertension	<- c('C03AA01', 'C03AA03', 'C03AB01', 'C03BA04', 'C03BA08', 'C03BA11', 
                   'C03DA01', 'C03DA04', 'C03DB01', 'C03EA01', 'C09BA02', 'C09BA03', 
                   'C09BA05', 'C09BA06', 'C09BA09', 'C09DA02', 'C09DA03', 'C09DA04', 
                   'C09DA06', 'C09DA07', 'C02AB01', 'C02AC01', 'C02AC05', 'C02DB02', 
                   'C02KX01')
                   
hyperthyroidism	<- c('H03AA01', 'H03AA02')

angina	<- c('C01DA02', 'C01DA08', 'C01DA14')

ischaemic_heart_disease_hypertension	<- c('C07AA01', 'C07AA03', 'C07AA05', 'C07AA07',
                                           'C07AB02', 'C07AB03', 'C07AG01', 'C07AG02', 
                                           'C07FB02', 'C08CA01', 'C08CA02', 'C08CA03', 
                                           'C08CA05', 'C08CA06', 'C08CA13', 'C08CA16',
                                            'C08DA01', 'C08DB01')
                                            
inflammatory_bowel_disease	<- c('A07EC01', 'A07EC02', 'A07EC03', 'A07EC04', 'A07EA01', 'A07EA02')
                     
malignancies	<- c('L01AA01', 'L01AA02', 'L01AA03', 'L01AA06', 'L01AA09', 'L01AB01', 
                   'L01AC01', 'L01AD02', 'L01AX03', 'L01AX04', 'L01BA01', 'L01BA04', 
                   'L01BB02', 'L01BB03', 'L01BB05', 'L01BB06', 'L01BB07', 'L01BC01', 
                   'L01BC02', 'L01BC05', 'L01BC06', 'L01BC07', 'L01BC08', 'L01BC52', 
                   'L01BC52', 'L01CA01', 'L01CA02', 'L01CA03', 'L01CA04', 'L01CA05', 
                   'L01CB01', 'L01CD01', 'L01CD02', 'L01CD04', 'L01CX01', 'L01DB01', 
                   'L01DB02', 'L01DB03', 'L01DB06', 'L01DB07', 'L01DB11', 'L01DC01', 
                   'L01DC03', 'L01XA01', 'L01XA02', 'L01XA03', 'L01XC02', 'L01XC03', 
                   'L01XC06', 'L01XC07', 'L01XC08', 'L01XC09', 'L01XC10', 'L01XC11', 
                   'L01XC12', 'L01XC13', 'L01XC14', 'L01XC15', 'L01XD03', 'L01XD04', 
                   'L01XE01', 'L01XE02', 'L01XE03', 'L01XE04', 'L01XE05', 'L01XE06', 
                   'L01XE07', 'L01XE08', 'L01XE09', 'L01XE10', 'L01XE11', 'L01XE12', 
                   'L01XE13', 'L01XE14', 'L01XE15', 'L01XE16', 'L01XE17', 'L01XE18', 
                   'L01XE21', 'L01XE23', 'L01XE24', 'L01XE26', 'L01XX01', 'L01XX02', 
                   'L01XX05', 'L01XX11', 'L01XX17', 'L01XX19', 'L01XX23', 'L01XX25', 
                   'L01XX27', 'L01XX31')
                   
                   
malnutrition	<- 'B05BA03'

osteoporosis_pagets	<- c('M05BA01', 'M05BA02', 'M05BA03', 'M05BA04', 'M05BA06', 'M05BA07', 'M05BA08', 'M05BB03')

pain<- c('N02AA01', 'N02AA03', 'N02AA05', 'N02AA55', 'N02AA59', 'N02AB01', 'N02AB02',
         'N02AB03', 'N02AE01', 'N02AF02', 'N02AG01', 'N02AG02', 'N02AX02')

inflammation_pain	<- c('M01AB01', 'M01AB05', 'M01AB15', 'M01AB55', 'M01AC01', 
                       'M01AC02', 'M01AC06', 'M01AE01', 'M01AE02', 'M01AE03', 
                       'M01AE14', 'M01AE52', 'M01AH01', 'M01AH04', 'M01AH05', 
                       'M01AH06')
                       
pancreatic_insufficiency	<- 'A09AA02'            

parkinsons_disease	 <- c('N04AA01', 'N04AA02', 'N04BA02', 'N04BA03', 'N04BC01', 
                          'N04BC04', 'N04BC05', 'N04BC06', 'N04BC07', 'N04BC09', 
                          'N04BD01', 'N04BD02', 'N04BX01', 'N04BX02')
                          
psoriasis	<- c('D05AA', 'D05AX02', 'D05BB01', 'D05BB02')

chronic_airways_disease	 <- c('R03AC02', 'R03AC03', 'R03AC12', 'R03AC13', 'R03AC18', 
                              'R03AC19', 'R03AK06', 'R03AK07', 'R03AK08', 'R03AK10',
                              'R03AK11', 'R03AL02', 'R03AL03', 'R03AL04', 'R03BA01', 
                              'R03BA02', 'R03BA05', 'R03BA07', 'R03BA08', 'R03BB01', 
                              'R03BB04', 'R03BB05', 'R03BB06', 'R03BB07', 'R03CA02', 
                              'R03CC02', 'R03CC03', 'R03CC12', 'R03DA02', 'R03DA04', 
                              'R03DA05', 'R03DC03')
                              
                              
smoking_cessation	<- c('N07BA01', 'N07BA02')

steroid_responsive_diseases	<- c('H02AB01', 'H02AB02', 'H02AB04', 'H02AB06', 'H02AB07', 'H02AB08', 'H02AB09', 'H02AB10')

transplant	<- c('L04AA01', 'L04AA04', 'L04AA06', 'L04AA10', 'L04AA13', 'L04AA18', 'L04AA21')

tuberculosis	<- c('J04AB04', 'J04AC01', 'J04AK02')